00003624
00003640
00005421
00018002
00019620
00019638
00032482
00056002
00064113
00083790
00083824
00083832
00083857
00088906
00097378
00097550
00097568
00101311
00108902
00112052
00112060
00114272
00114306
00114322
00126045
00130492
00136457
00142620
00149138
00149146
00149153
00149195
00154153
00158774
00185223
00196360
00201590
00204024
00204032
00204107
00204149
00204800
00206482
00208819
00209122
00209130
00209148
00209155
00209163
00209171
00209742
00209759
00213447
00217265
00222117
00222257
00222265
00222273
00222307
00222349
00222356
00222364
00222372
00222380
00222430
00228239
00228247
00233254
00238758
00238824
00238881
00241661
00241679
00241711
00242198
00250274
00251868
00252403
00252411
00252429
00252478
00252510
00255505
00258277
00261891
00263251
00274225
00276238
00276246
00276303
00276337
00276345
00276352
00276360
00279570
00286906
00289215
00300848
00315259
00315267
00315630
00315697
00330969
00331025
00337188
00338343
00339606
00339655
00339838
00339846
00344507
00346296
00346312
00346866
00347237
00348235
00348789
00350090
00354837
00354944
00355990
00357533
00359638
00360354
00360495
00361139
00361147
00361154
00361162
00361170
00361196
00361857
00362053
00362426
00362509
00363937
00367151
00367177
00367185
00367235
00367268
00367417
00367862
00367870
00367888
00371732
00371740
00371757
00372383
00372987
00373753
00374041
00374678
00377762
00378158
00383455
00385096
00385104
00385898
00388900
00388926
00388934
00392704
00392712
00392720
00392738
00392746
00393173
00393181
00401133
00405027
00405142
00405365
00407221
00413526
00414847
00414854
00414862
00415729
00415810
00416065
00417386
00417683
00419143
00419168
00419747
00421735
00423491
00423558
00423921
00424507
00425181
00425280
00425348
00426171
00428094
00431767
00431973
00436915
00437160
00437178
00437186
00437319
00437350
00437368
00437541
00437558
00437616
00437764
00437772
00437798
00437806
00437822
00437830
00437848
00437855
00437863
00437871
00437897
00437921
00437988
00437996
00438168
00439844
00441527
00443572
00443598
00445387
00445395
00448589
00453555
00453670
00453696
00453704
00453811
00453944
00453951
00453969
00453977
00453985
00455139
00455808
00455816
00455824
00455832
00456111
00456236
00456517
00456558
00456962
00457721
00457747
00458836
00458851
00459347
00460295
00460477
00464420
00465476
00465567
00466441
00466458
00466763
00469726
00469817
00470195
00470591
00470716
00472167
00472233
00472894
00480319
00480475
00480558
00480632
00480905
00480954
00481069
00481085
00481507
00481606
00481648
00481796
00482075
00482158
00482240
00482513
00483206
00483222
00483487
00483990
00484949
00485060
00485326
00485334
00485342
00485367
00485375
00485722
00485862
00485995
00486019
00486076
00486084
00486175
00486191
00486233
00486407
00486811
00486837
00486894
00488080
00489062
00489070
00489096
00489104
00489112
00489120
00489591
00490532
00490540
00490557
00490565
00493437
00493445
00493502
00493510
00493528
00493551
00493569
00494815
00495143
00497008
00497016
00497065
00497156
00497503
00497511
00497586
00497974
00497982
00499087
00499251
00499301
00499335
00499343
00499400
00499442
00499517
00499558
00499566
00499574
00499715
00500058
00500645
00505297
00512186
00512863
00513382
00514646
00514661
00514679
00514695
00515148
00516088
00516724
00516799
00517557
00517565
00517953
00519223
00519561
00520031
00520866
00520874
00524645
00529594
00535559
00537225
00538595
00542837
00543348
00547026
00550731
00552265
00552646
00552653
00553545
00553586
00553594
00553776
00554022
00554089
00559906
00561167
00562298
00562330
00564310
00565580
00568261
00568303
00568311
00568378
00571380
00571547
00572552
00572628
00572636
00573667
00573915
00573923
00573931
00573964
00573972
00573980
00573998
00574004
00574012
00574020
00574053
00574988
00575043
00575696
00577098
00577692
00578302
00578435
00578716
00578799
00581108
00582288
00582452
00583021
00586578
00586586
00586735
00586834
00586974
00586990
00587006
00587048
00587733
00588012
00588392
00588517
00589069
00592311
00593863
00595793
00595835
00595843
00595850
00595876
00595884
00595892
00595900
00595918
00595926
00595934
00601369
00601377
00606855
00607101
00607341
00607523
00610261
00610907
00611111
00614958
00617902
00617951
00618041
00618439
00619536
00619833
00619841
00619916
00619973
00619981
00620047
00622423
00622571
00622837
00622852
00622860
00623421
00624338
00624619
00624759
00624965
00628263
00629287
00629295
00629303
00629402
00629410
00629519
00629568
00630863
00630871
00630889
00630905
00631648
00631655
00631663
00631671
00631689
00631697
00631705
00631713
00631721
00631739
00632307
00633511
00634022
00635300
00638460
00639237
00639856
00640011
00642777
00642900
00642918
00642942
00643494
00643502
00643510
00643528
00643544
00644047
00644179
00644831
00644898
00644906
00644948
00646794
00647321
00647537
00648246
00648253
00648295
00648493
00648501
00648667
00649046
00649053
00649087
00649095
00649137
00649178
00649236
00649244
00649251
00650077
00650085
00650838
00650861
00652966
00653048
00653071
00653097
00653105
00653147
00653154
00653196
00653253
00653287
00653295
00653360
00653394
00653402
00653410
00653428
00653436
00653444
00653469
00653477
00653519
00653527
00653543
00653550
00653584
00653592
00653618
00653626
00653642
00653659
00653675
00653691
00653865
00653980
00654236
00654327
00654442
00654483
00654517
00654525
00654533
00654566
00654608
00654624
00655407
00656165
00656983
00656991
00657098
00657304
00657312
00657320
00657338
00657346
00658674
00659326
00659870
20340717
20340733
20340741
40000036
40000044
40000077
40000259
40001257
40001364
40003659
40004624
40008526
40009920
40009938
40009946
40009953
40010662
40010902
40014250
40014474
40014888
40015000
40015018
40015117
40015786
40015794
40015802
40015810
40015828
40015836
40015885
40015893
40015901
40015919
40015927
40015935
40015950
40015976
40016024
40016172
40018079
40020372
40021560
40023228
40023376
40023384
40023392
40023525
40023558
40023731
40023996
40024416
40024564
40024846
40024960
40024994
40025546
40028573
40028789
40029134
40030835
40030843
40033839
40033870
40033896
40033946
40033953
40033979
40033987
40038226
40039406
40039711
40040958
40041220
40041865
40043317
40043325
40043333
40045486
40046831
40047458
40049231
40049298
40049348
40052672
40053530
40054058
40055022
40056418
40056426
40060709
40063539
40063612
40064123
40064560
40064701
40064743
40064768
40064776
40064792
40065856
40068538
40068660
40068850
40070278
40070732
40071177
40071193
40071698
40076820
40076929
40077463
40080020
40080046
40081366
40090334
40090342
40090458
40090664
40090912
40091118
40091266
40091308
40092736
40094211
40094229
40094237
40095119
40095135
40095960
40099459
40099467
40099475
40099483
40099491
40099509
40099517
40099681
40099723
40102097
40103236
40103244
40103756
40103764
40104382
40104440
40104523
40104762
40104960
40105017
40105066
40105116
40105983
40106445
40106957
40111445
40111452
40111460
40111775
40112203
40113946
40114035
40114043
40114050
40114241
40115008
40115016
40115024
40115032
40115040
40115065
40115388
40120990
40124562
40128258
40128985
40136764
40139438
40139636
40139644
40139701
40139891
40141137
40142952
40144313
40144321
40149296
40149668
40149700
40149916
40150344
40152555
40152589
40154635
40160418
40160657
40160871
40162224
40162257
40162281
40164675
40164683
40164691
40164709
40164717
40164725
40164733
40164758
40164766
40164808
40164816
40164857
40164964
40165029
40166498
40166506
40168205
40168247
40168270
40168312
40168569
40169013
40172447
40172470
40172629
40173023
40173338
40173346
40176158
40176240
40177974
40180127
40180531
40181182
40184624
40184756
40185456
40187023
40187031
40188799
40189243
40189284
40189565
40189698
40189730
40189755
40189763
40189771
40189797
40189805
40189839
40189847
40189862
40189870
40189888
40189896
40190233
40190548
40190563
40190639
40190647
40190696
40190779
40190787
40190902
40192825
40193054
40193823
40193831
40194276
40195810
40196693
40197428
40198921
40199069
40199077
40199168
40199176
40199218
40199382
40199440
40199531
40199739
40200198
40200313
40200388
40200511
40200529
40200735
40201295
40202467
40202616
40207391
40207433
40207458
40207706
40208084
40208241
40208449
40208670
40209942
40210098
40210445
40210452
40211104
40211112
40211336
40212805
40213548
40213555
40215790
40216228
40216236
40216244
40216442
40218042
40218075
40218083
40218224
40218232
40218380
40218398
40218414
40218422
40218430
40218448
40218513
40218521
40218562
40219016
40219073
40219099
40219115
40219248
40219255
40219263
40219925
40220238
40220253
40220261
40220303
40220311
40220337
40220352
40220519
40220667
40220808
40222994
40225179
40225559
40225575
40225591
40225617
40226300
40226706
40227464
40228116
40228124
40228371
40228389
40229171
40229676
40229684
40229759
40229924
40229932
40230195
40230203
40230575
40231235
40231334
40231581
40232035
40232167
40232183
40232514
40232522
40232712
40232720
40235665
40236218
40236291
40236358
40236499
40236739
40236986
40237083
40238651
40241259
40241267
40241903
40244444
40244733
40244741
40247207
40247306
40247439
40247447
40247454
40247462
40247835
40247843
40248833
40248882
40250011
40250300
40250839
40250888
40250938
40251514
40251530
40251555
40251563
40251571
40251589
40251597
40251670
40251696
40251712
40251738
40251829
40251860
40251878
40256331
40256349
40256414
40260820
40261877
40264350
40265605
40266116
40267338
40267387
40267395
40268021
40270175
40270662
40270837
40270845
40270985
40271025
40271033
40274102
40277097
40277527
40279176
40279242
40279317
40279523
40279531
40279564
40279572
40279606
40279614
40279622
40279630
40279648
40279655
40279663
40279671
40279689
40279697
40279804
40281412
40281628
40282923
40282964
40283145
40283251
40285298
40288151
40288227
40288375
40288383
40289431
40289985
40289993
40290017
40290025
40290033
40290041
40290058
40290066
40290074
40290132
40290140
40301525
40302044
40303570
40306060
40306441
40306839
40306870
40307282
40307423
40309296
40310450
40310591
40310633
40311615
40312365
40312381
40316218
40316226
40316424
40316606
40318073
40318230
40319170
40319188
40324733
40325144
40325151
40325169
40326183
40326373
40326381
40326829
40326837
40327025
40327587
40328536
40333494
40334815
40334963
40334971
40336075
40336687
40338816
40339004
40339046
40340184
40340937
40340945
40341521
40341539
40341547
40341554
40341570
40341760
40345431
40345605
40349599
40350027
40350902
40352346
40353914
40354227
40355265
40355497
40356065
40358020
40359564
40359572
40359606
40359614
40359622
40360281
40361081
40361115
40361149
40362147
40362188
40362196
40362204
40362220
40363699
40364093
40364135
40364143
40364150
40364705
40364713
40364721
40364739
40364747
40364754
40364762
40364937
40369126
40372203
40372914
40373078
40373318
40373573
40373581
40373599
40373615
40373631
40376170
40376196
40376204
40377129
40378994
40379307
40380081
40381469
40381600
40381618
40382582
40382590
40382632
40382913
40383176
40384737
40391922
40391930
40393266
40393753
40395139
40395774
40395899
40395949
40397259
40397366
40398174
40398778
40401119
40401135
40401143
40401242
40401507
40401515
40401531
40401549
40402133
40402547
40414435
40414674
40414898
40414906
40415432
40416638
40417636
40418329
40418709
40418717
40418725
40418733
40418782
40418790
40418964
40421075
40421612
40422230
40423873
40423907
40423956
40423964
40424186
40424194
40424210
40424392
40424566
40424574
40424582
40424624
40425175
40425225
40425423
40425431
40425456
40425464
40425472
40425480
40425498
40426207
40426215
40426223
40426249
40426256
40427643
40427718
40427726
40427734
40427742
40429615
40429623
40429631
40429649
40429656
40429664
40429672
40430837
40430886
40431009
40431017
40431025
40432239
40432346
40432353
40432585
40432767
40432833
40432841
40433039
40433583
40433591
40434664
40434847
40434854
40435299
40435307
40435323
40435331
40435349
40435356
40435885
40436792
40437808
40437816
40439465
40440257
40442295
40443020
40443905
40446072
40446734
40446973
40446999
40449613
40449910
40449928
40453813
40458838
40459026
40459034
40459208
40460065
40463879
40464018
40464059
40464067
40464075
40464083
40464091
40464109
40464125
40465015
40465023
40469108
40469124
40469207
40469371
40469538
40469868
40469926
40471146
40471153
40471435
40471682
40471690
40471989
40472656
40472672
40472680
40472706
40474603
40474850
40474967
40474983
40475014
40475204
40475485
40475493
40475634
40475725
40475733
40475741
40475758
40476319
40476327
40476335
40476343
40476350
40476368
40476376
40476384
40476392
40476400
40476418
40477168
40477176
40477184
40477259
40477382
40478851
40479305
40480048
40480352
40480360
40481681
40482523
40482531
40485427
40485492
40485500
40485526
40486318
40488439
40488900
40488926
40488934
40488975
40491482
40492910
40492928
40493355
40494213
40494221
40494239
40494288
40494353
40495046
40495210
40495228
40495244
40495277
40496374
40496408
40497075
40498073
40498099
40498107
40498115
40498123
40498719
40498735
40499048
40499691
40499709
40499717
40500100
40500126
40500134
40500167
40500175
40500340
40500365
40500399
40500423
40503054
40503062
40503203
40503252
40505414
40505810
40506057
40506107
40506420
40506867
40507592
40507618
40507642
40507709
40507790
40507808
40507998
40509606
40510125
40510232
40510414
40511123
40511131
40511883
40511891
40513467
40513491
40513574
40513590
40513640
40513665
40513731
40514069
40514119
40514184
40514374
40514887
40514895
40514903
40514911
40514929
40514937
40514945
40514952
40514960
40514978
40514986
40514994
40515330
40515348
40515728
40515934
40515942
40517096
40517195
40517203
40517237
40517245
40517476
40517484
40517492
40517518
40518474
40519001
40519019
40519183
40519225
40519480
40519498
40519506
40519779
40519795
40519803
40519811
40519829
40520033
40520041
40520280
40520322
40520330
40520348
40521023
40521080
40521213
40521221
40521254
40521353
40521478
40522054
40522245
40522252
40522260
40522278
40522286
40522294
40522302
40522310
40522328
40522336
40522344
40522351
40522369
40522377
40522385
40522401
40522450
40523813
40524209
40524258
40524316
40524324
40524332
40525354
40525362
40525412
40525453
40525529
40525685
40526204
40526311
40527152
40527160
40527178
40527996
40528002
40528010
40528028
40528036
40528044
40528051
40528069
40528093
40528465
40528473
40528572
40528770
40528796
40528812
40528887
40528895
40528903
40529034
40529273
40529281
40529307
40529422
40529448
40529463
40529489
40529505
40529604
40529612
40529968
40531311
40531386
40531451
40531477
40531493
40532939
40534745
40534836
40535221
40535288
40535429
40535437
40535452
40535692
40535718
40535726
40536021
40536054
40536377
40536393
40536898
40537086
40537144
40537151
40537169
40537177
40537185
40537193
40537219
40537243
40537557
40537839
40537847
40537904
40538183
40538233
40538555
40539926
40541245
40541872
40542342
40542458
40543001
40543019
40543027
40543043
40543316
40543837
40543951
40544009
40544017
40544116
40544124
40544140
40544173
40544181
40544199
40544207
40544215
40544231
40544256
40545022
40545741
40545758
40545782
40545790
40545808
40545816
40545824
40545832
40545840
40545857
40545873
40545881
40545949
40545956
40546616
40547408
40547432
40548034
40548042
40549339
40549388
40549701
40549719
40549727
40550519
40550592
40550600
40551053
40551061
40551285
40551301
40551319
40551327
40551343
40551350
40551368
40551376
40551384
40551392
40551509
40551517
40551533
40551541
40552275
40552374
40552564
40552614
40552812
40554289
40554297
40554495
40554610
40554651
40555138
40555401
40555427
40557050
40557134
40557142
40557159
40557175
40558900
40558934
40559056
40559064
40559221
40559239
40559965
40560195
40560203
40560278
40560286
40560492
40560609
40561680
40561698
40561706
40561722
40562027
40562266
40562951
40563041
40563058
40563066
40563207
40563215
40563223
40563231
40563371
40563389
40565459
40565467
40565475
40565509
40565517
40565566
40568362
40568370
40568396
40568404
40568412
40568420
40568586
40568594
40568602
40568644
40568651
40568990
40569014
40569022
40569188
40569196
40569204
40569212
40569220
40569287
40569295
40569303
40569311
40569329
40569337
40570327
40570368
40570434
40570608
40570889
40570897
40570905
40570913
40570921
40570939
40570947
40570954
40570962
40571549
40571721
40572554
40572877
40572885
40572893
40572901
40572919
40572927
40574279
40574287
40574378
40574428
40574436
40574451
40574485
40575094
40575169
40575177
40575185
40575631
40575649
40576019
40576399
40576407
40576514
40576530
40576670
40576696
40577330
40577595
40577637
40577660
40577678
40577777
40577785
40577793
40577801
40577819
40577827
40577835
40577843
40577850
40577868
40578049
40578098
40578106
40578114
40578130
40578155
40578163
40578171
40578189
40578197
40578338
40578346
40578379
40578387
40578437
40578445
40578452
40578460
40578478
40578486
40578494
40578502
40578601
40578767
40578783
40579054
40579062
40579070
40579864
40579872
40579880
40579898
40579906
40580656
40580664
40583908
40583965
40583973
40584930
40585531
40585556
40585564
40586653
40586711
40586729
40586737
40586745
40586752
40586877
40586919
40588394
40588402
40588410
40589004
40589012
40589020
40589038
40589053
40589061
40589087
40589111
40589129
40589137
40589145
40589152
40589160
40589202
40589301
40589319
40589327
40589335
40589442
40589475
40589483
40590150
40590168
40590176
40590242
40590259
40590481
40590499
40590507
40590515
40590556
40590572
40590929
40591356
40591638
40591836
40591844
40592016
40592057
40592099
40592172
40592180
40593576
40593584
40593618
40593626
40595928
40596033
40596041
40598658
40598666
40598674
40598724
40598732
40598740
40598781
40598823
40599037
40599045
40599136
40599169
40599177
40599706
40599730
40599771
40599789
40599797
40599854
40599862
40600363
40600371
40600520
40600785
40600884
40600892
40600900
40600918
40600926
40600934
40600942
40600959
40600967
40601023
40601072
40601742
40601767
40601783
40602328
40602393
40602401
40602419
40602427
40602435
40603045
40603151
40603169
40603276
40603300
40603318
40603326
40603334
40603342
40603623
40603664
40603672
40603680
40603789
40603946
40603979
40603987
40604175
40604357
40604811
40604928
40604944
40604951
40605073
40605081
40605099
40605107
40605115
40605123
40605131
40605149
40605156
40605164
40605172
40605180
40605198
40605206
40605214
40605222
40605230
40605248
40605255
40605305
40607178
40607202
40607210
40607228
40608804
40609018
40609117
40609380
40609539
40609638
40609729
40609737
40609745
40609752
40609794
40609802
40609810
40609828
40609836
40609844
40609851
40609869
40609927
40609935
40609943
40609950
40609976
40610008
40610123
40610131
40610206
40610214
40610248
40610321
40610347
40610388
40610396
40610404
40610412
40610438
40610453
40610487
40610495
40610511
40610529
40610545
40610552
40610560
40610792
40610826
40610842
40610883
40610891
40610909
40610941
40610958
40610966
40610974
40610982
40611089
40611097
40611105
40611147
40611493
40611634
40611659
40612186
40612194
40612202
40612442
40612624
40612632
40612988
40613051
40614109
40614117
40614927
40614943
40614950
40614968
40615056
40619249
40619256
40619983
40619991
40620007
40620247
40620254
40620908
40620916
40620924
40620940
40620999
40621005
40621013
40621112
40621120
40621146
40621302
40621310
40621393
40621401
40621419
40621427
40621435
40621443
40621450
40621468
40621476
40621542
40621567
40621609
40621633
40621682
40621690
40621724
40621740
40621948
40622003
40622052
40622763
40623266
40623274
40623282
40623324
40623332
40624876
40626152
40626160
40626335
40626442
40626467
40626475
40627085
40627093
40627101
40627119
40627564
40627572
40627598
40627606
40627622
40628075
40628109
40629156
40629172
40629347
40629453
40629461
40629479
40629503
40629974
40629982
40630006
40630568
40630576
40630717
40630725
40630741
40630758
40630766
40630774
40631913
40632218
40632275
40632283
40632317
40632333
40632358
40632366
40632374
40632507
40633224
40633232
40633554
40633620
40633638
40634586
40634594
40634768
40637597
40637605
40637977
40641151
40641193
40641201
40641920
40642159
40642167
40642175
40642209
40642282
40642308
40642316
40642324
40642332
40643108
40643116
40643496
40643793
40643926
40643942
40644635
40644650
40644668
40644676
40644809
40644817
40644858
40644908
40644957
40645616
40645624
40645632
40645947
40645988
40646002
40646010
40646028
40646101
40646234
40646416
40646853
40647646
40649493
40649501
40649519
40649980
40649998
40650459
40650467
40650665
40650699
40650707
40650731
40650749
40650798
40650848
40651051
40651069
40651408
40651416
40651424
40653073
40653164
40653230
40653271
40653412
40653446
40653487
40654204
40654212
40654246
40654261
40654691
40654709
40654717
40654725
40654733
40654741
40654881
40654931
40654964
40655136
40655144
40655912
40655920
40655961
40655995
40656308
40656373
40657405
40658122
40658973
40658999
40659013
40659021
40659146
40659237
40659245
40660037
40660060
40660177
40660185
40660193
40660201
40661738
40662108
40662116
40662157
40662702
40662728
40662850
40663114
40663601
40663775
40664260
40664385
40665309
40665317
40665325
40665408
40665416
40665432
40665440
40665457
40665473
40665481
40665499
40665507
40665697
40665911
40665929
40665937
40669434
40669442
40669459
40669467
40669558
40673295
40673337
40673360
40673378
40673428
40673436
40673535
40673600
40673741
40673758
40673766
40673774
40674087
40674368
40674558
40674566
40674608
40674715
40674723
40675209
40676074
40676082
40676124
40676199
40676249
40676298
40676397
40677676
40677882
40678575
40680720
40680746
40680753
40680803
40680852
40680860
40680878
40680886
40684656
40684664
40686248
40686321
40687493
40688319
40689978
40691644
40691784
40691792
40692527
40692766
40692774
40692782
40693749
40694655
40695041
40695181
40695199
40695207
40695512
40695611
40695629
40695686
40695785
40695850
40695868
40696262
40696288
40696296
40696460
40696791
40696809
40696817
40696825
40696833
40696841
40697138
40698136
40698672
40698870
40699316
40699548
40699662
40699712
40699753
40699761
40701971
40702516
40702987
40703357
40703654
40703761
40704215
40704322
40704892
40704918
40705501
40705519
40706053
40707291
40707358
40707366
40710022
40710030
40710923
40711186
40711764
40712564
40712572
40713083
40713091
40713240
40713257
40713810
40713877
40713885
40714586
40714594
40714602
40714610
40714628
40714636
40714644
40714651
40715500
40716078
40716086
40716151
40717100
40717142
40718934
40718967
40719080
40719098
40719106
40719114
40719122
40719494
40720518
40720526
40720559
40724676
40725871
40728347
40728354
40730624
40735474
40736001
40737199
40738312
40738338
40738379
40738437
40739534
40740938
40740946
40741241
40743346
40743866
40743874
40743882
40743932
40743940
40744120
40744187
40744252
40744260
40744336
40746869
40746877
40746885
40746927
40746935
40747040
40747073
40747081
40747099
40747107
40747115
40747123
40747313
40747321
40747339
40747347
40747354
40747412
40747420
40747438
40747446
40747453
40747461
40747479
40747487
40747495
40747503
40747511
40747529
40747537
40747545
40747552
40747560
40747578
40747586
40747594
40747602
40747610
40747628
40747636
40747644
40747651
40747669
40747677
40747685
40747693
40747701
40747719
40747727
40747735
40747743
40747750
40747768
40747784
40747792
40747800
40747818
40747826
40747834
40747842
40747859
40747867
40747875
40747883
40747891
40747909
40747917
40747925
40747933
40747941
40747958
40747966
40747974
40747990
40748006
40748014
40748022
40748030
40748048
40748089
40748097
40748105
40748113
40748121
40748162
40748170
40748196
40748238
40748246
40748253
40748261
40748279
40748287
40748295
40748303
40748337
40748345
40748360
40748378
40748386
40748436
40748444
40748451
40748469
40748477
40748485
40748493
40748501
40748519
40748527
40748535
40748543
40748550
40748568
40748576
40748584
40748592
40748600
40748642
40748659
40748667
40748675
40748683
40749798
40749806
40749962
40750010
40750028
40750036
40750069
40750077
40750085
40750093
40750135
40750143
40750150
40750168
40750176
40750184
40750226
40750275
40750283
40750291
40750309
40750317
40750325
40750333
40750341
40750358
40750366
40750374
40750382
40750390
40750408
40750416
40750432
40750440
40750457
40750465
40750473
40750499
40750507
40750523
40750531
40750549
40750556
40750564
40750572
40750580
40750606
40750614
40750622
40750630
40750648
40750671
40750689
40750697
40750705
40750713
40750721
40750739
40750747
40750754
40750762
40750770
40750788
40750796
40750804
40750812
40750820
40750838
40750846
40750853
40750861
40750879
40750887
40750895
40750903
40750911
40750929
40750937
40750952
40750960
40750978
40750986
40750994
40751018
40751034
40751075
40751083
40751158
40751182
40751190
40751208
40751216
40751224
40751232
40751257
40751265
40751273
40751281
40751299
40751307
40751315
40751323
40751331
40751349
40751356
40751364
40751372
40751380
40751398
40751406
40751414
40751422
40751430
40751448
40751455
40751463
40751471
40751489
40751497
40751505
40751513
40751521
40751539
40751547
40751554
40751562
40751570
40751588
40751596
40751604
40751612
40751620
40751638
40751646
40751653
40751661
40751679
40751687
40751695
40751703
40751711
40751729
40751737
40751745
40751752
40751760
40751778
40751786
40751794
40751802
40751828
40751836
40751851
40751869
40751885
40751893
40751901
40751919
40751927
40751935
40751943
40751950
40751968
40751976
40751984
40751992
40752008
40752016
40752024
40752032
40752040
40752065
40752081
40752099
40752107
40752222
40752230
40752248
40752255
40752263
40752271
40753691
40753709
40754145
40754152
40754160
40754178
40754186
40754194
40754202
40754210
40754228
40754236
40754244
40754251
40754269
40754277
40754285
40754293
40754301
40754319
40754335
40754343
40754350
40754368
40754376
40754384
40754392
40754400
40754483
40754491
40754509
40754517
40754525
40754533
40754541
40754574
40754590
40754608
40754616
40754624
40754657
40754699
40754707
40754715
40754723
40754731
40754749
40754772
40754780
40754798
40754814
40754822
40754830
40754848
40754855
40754863
40754871
40754889
40754897
40754905
40754913
40754921
40754939
40754947
40754954
40754962
40754970
40754988
40754996
40755001
40755019
40755027
40755035
40755050
40755068
40755076
40755084
40755118
40755126
40755134
40755142
40755159
40755167
40755175
40755183
40755191
40755209
40755217
40755233
40755241
40755258
40755266
40755274
40755282
40755290
40755357
40755365
40755373
40755381
40755399
40755407
40755415
40755423
40755431
40755449
40755456
40755464
40755472
40755480
40755506
40755514
40755522
40755530
40755548
40755555
40755563
40755571
40755639
40755654
40755662
40755670
40755688
40755696
40755704
40755712
40755720
40755738
40755746
40755753
40755761
40755779
40755787
40755795
40755803
40755811
40755829
40755837
40755845
40755852
40755860
40755886
40755902
40755910
40755928
40755969
40755977
40755985
40755993
40756025
40756058
40756066
40756074
40756082
40756322
40756843
40756850
40756868
40758054
40758062
40758070
40758088
40758096
40758120
40758146
40758153
40758161
40758179
40758195
40758203
40758211
40758229
40758237
40758245
40758252
40758260
40758278
40758286
40758294
40758302
40758310
40758328
40758336
40758344
40758351
40758369
40758377
40758385
40758393
40758401
40758419
40758435
40758443
40758450
40758468
40758476
40758484
40758492
40758500
40758518
40758526
40758534
40758542
40758559
40758567
40758575
40758583
40758609
40758617
40758740
40758757
40758765
40758799
40758807
40758856
40758872
40760449
40761546
40761751
40761769
40761959
40761967
40762494
40763575
40765232
40768392
40769606
40770018
40771263
40772113
40772139
40772147
40772154
40772162
40772998
40775256
40776254
40777146
40780140
40780264
40780587
40780595
40783482
40783672
40783789
40784936
40784969
40784977
40785933
40785941
40785966
40785974
40785990
40786014
40786030
40786063
40786071
40786089
40786105
40786113
40786121
40786139
40786550
40786899
40786964
40787145
40787152
40787160
40787384
40787400
40787418
40787442
40787624
40788283
40788416
40788440
40788457
40789075
40789083
40790099
40790172
40790180
40790826
40791295
40793127
40793150
40793200
40793309
40793317
40793325
40793333
40793341
40793358
40793366
40793374
40793382
40793390
40793408
40793416
40793424
40793457
40793473
40793481
40794729
40796203
40796211
40798274
40799678
40799686
40800583
40802605
40802613
40802621
40802639
40804056
40804130
40804486
40804494
40804767
40805533
40805566
40805574
40805673
40806168
40807075
40807349
40808248
40810434
40811689
40811721
40814501
40814881
40814915
40815326
40815821
40816928
40818460
40818494
40818502
40818510
40818585
40818627
40818635
40818643
40819245
40821639
40821654
40821662
40823015
40823023
40823122
40829459
40830853
40832859
40833261
40839102
40841546
40843260
40843377
40843393
40844623
40844631
40846271
40846289
40846388
40846776
40846784
40847899
40848228
40852303
40852576
40853392
40853400
40854218
40854614
40854622
40856262
40856387
40856395
40856403
40866097
40866105
40866139
40866188
40866196
40866204
40866212
40866220
40867103
40868341
40870263
40870453
40870461
40870719
40873176
40873192
40873200
40873291
40873309
40873317
40874372
40874380
40876013
40876666
40877300
40879199
40881237
40881609
40881674
40883043
40883092
40883977
40884348
40885576
40891673
40891871
40892812
40893257
40893885
40893893
40893927
40893950
40894107
40894115
40894164
40895864
40895872
40895880
40895898
40895906
40895914
40895922
40897985
40897993
40898009
40898017
40899924
40899932
40899940
40899957
40900011
40900029
40900110
40900151
40903627
40903635
40903643
40903650
40905523
40905531
40905549
40905614
40906349
40907784
40908931
40909178
40909228
40909335
40909533
40910200
40910309
40910317
40910333
40910341
40910358
40910473
40911588
40912487
40912586
40913196
40913204
40913212
40913220
40913469
40913527
40914822
40914830
40914871
40914970
40914996
40915001
40915456
40915464
40915472
40915480
40915498
40915506
40915514
40915522
40915530
40915548
40915555
40915852
40916355
40916363
40916371
40916389
40917403
40917411
40917429
40917437
40917767
40917940
40918245
40918252
40919300
40919318
40919912
40920878
40920886
40920894
40920902
40920910
40920928
40921587
40921595
40921603
40923096
40923203
40923229
40931206
40931214
40932121
40932139
40932147
40935579
40935587
40936890
40936908
40937773
40939456
40939464
40939472
40939480
40939498
40940090
40940587
40940595
40940603
40940660
40941213
40941221
40941239
40942187
40942195
40942203
40942211
40942229
40942336
40942955
40942971
40942989
40942997
40943003
40944423
40944431
40944712
40944720
40944738
40945578
40945685
40945693
40951550
40952533
40952616
40952624
40953044
40955205
40955346
40955361
40955387
40955403
40955411
40955437
40955478
40955486
40955510
40955833
40956039
40956062
40956096
40960122
40960130
40971830
41016957
41018185
41019126
41019134
41019142
41019209
41019217
41019225
41019241
41019258
41019266
41019274
41019282
41019290
41019308
41019316
41019324
41019332
41019340
41019365
41020363
41022716
41022732
41022740
41022757
41022765
41022773
41022781
41022799
41022807
41022815
41022823
41022831
41022872
41025289
41025297
41026824
41026923
41027806
41030032
41030040
41030057
41030065
41030073
41030081
41030099
41030115
41030123
41030131
41030149
41030156
41030164
41030172
41030180
41030198
41030206
41030214
41030222
41030230
41030248
41030255
41030263
41031428
41031436
41031444
41031451
41031667
41031683
41032368
41033242
41033754
41034182
41034190
41034208
41034240
41034257
41034604
41040544
41040585
41040619
41040775
41040783
41044090
41044108
41049107
41049115
41053489
41053877
41055344
41055484
41055492
41055500
41055518
41055526
41055724
41055732
41057399
41057407
41057415
41057423
41057431
41058132
41058140
41058157
41058959
41058967
41060013
41063835
41077710
41077769
41081274
41081936
41082520
41082637
41083668
41084849
41085861
41085879
41093303
41093501
41093576
41095266
41100025
41101015
41102096
41102971
41103318
41103466
41103607
41104688
41104696
41105206
41105362
41105537
41105826
41106873
41106881
41106899
41106907
41108226
41117631
41124439
41127051
41127069
41127598
41127606
41127614
41128778
41128786
41141128
41146820
41152596
41157462
41157520
41157538
41164286
41170382
41170408
41171323
41175472
41177270
41177403
41178112
41179185
41183310
41183369
41183625
41185653
41186396
41188889
41197955
41202458
41206376
41208620
41212432
41214206
41214222
41214446
41214453
41214461
41214479
41214487
41214495
41214503
41214511
41214529
41214537
41214545
41215534
41215583
41215773
41215781
41219429
41219486
41219551
41220229
41221003
41224239
41224247
41224254
41224262
41224270
41224288
41225277
41225285
41225293
41229659
41233081
41233198
41233248
41233255
41233263
41233297
41234089
41234105
41234121
41234139
41237561
41238221
41239294
41240474
41241217
41241555
41241563
41241571
41241589
41247859
41249467
41251489
41252503
41252511
41252537
41255001
41256694
41263765
41267162
41267584
41267592
41268913
41269671
41269952
41273590
41276999
41277328
41281734
41281742
41286881
41286899
41286907
41289828
41289836
41290388
41294620
41294638
41294646
41294653
41294661
41294687
41297011
41297029
41304502
41305319
41307117
41307604
41307653
41307992
41308008
41308016
41313974
41314055
41314493
41315110
41315623
41315672
41315698
41317173
41317181
41317199
41318130
41318320
41318338
41318635
41323262
41324419
41324575
41325903
41326810
41331042
41332636
41332917
41334608
41334616
41340290
41340308
41340597
41340845
41342585
41343021
41343039
41349796
41349978
41350000
41350604
41352071
41352097
41352345
41352352
41353780
41353798
41353897
41353905
41354143
41354218
41354226
41354416
41355223
41356296
41356411
41356429
41358284
41358292
41358391
41358409
41361866
41361973
41362013
41364589
41364639
41365396
41373754
41375254
41375841
41379793
41382250
41384553
41384843
41386855
41387184
41387564
41387572
41387580
41387622
41387630
41388281
41388356
41388554
41389008
41393216
41393497
41394826
41398041
41399197
41399726
41400391
41403684
41405614
41405739
41405747
41405754
41405762
41405770
41406273
41407065
41407081
41407123
41407149
41407156
41407180
41407198
41407206
41408295
41408592
41409541
41409830
41410069
41410168
41410176
41410184
41410192
41410200
41410218
41410234
41410242
41411000
41411018
41411257
41412768
41412941
41412982
41414053
41414566
41415241
41416397
41416546
41416553
41416801
41417429
41417452
41417635
41417643
41417650
41418971
41421728
41425182
41425471
41425489
41425778
41427089
41427097
41427394
41429085
41429358
41429366
41429499
41429507
41429515
41429523
41430125
41431636
41433285
41433293
41433343
41435678
41441973
41441981
41441999
41442005
41442625
41442633
41443177
41456682
41456690
41456955
41457185
41457839
41457847
41460403
41460734
41462235
41462243
41462623
41462631
41462649
41462656
41462664
41463647
41464017
41465337
41465592
41468950
41480609
41486275
41487117
41487125
41487133
41487141
41487158
41491903
41510314
41511205
41511320
41513060
41513078
41513615
41514159
41514340
41514373
41514381
41514399
41514407
41514415
41514423
41514431
41514449
41514456
41514464
41514472
41514514
45172087
45390101
60659844
